3164 43
54090
296007
680259
52512
775435
239759
207086
74843
770118
109436
317982
838155
597422
853973
494001
383531
721122
236634
922583
365315
572358
107066
882483
918610
96991
203603
741189
872443
49024
222763
217188
112456
48319
858864
982855
143278
252887
851776
490296
37928
669021
710049
840954
436530
199497
495760
788258
820368
651793
373837
431213
359685
544558
608162
818856
382208
865228
344384
50534
241864
545637
215130
411706
944107
731743
296012
603004
628219
201112
965902
14070
597864
514269
487560
255473
190476
255530
922337
355761
148011
573896
336978
87441
411160
612401
995324
952956
641030
317337
314164
996062
845858
744871
274544
912001
844977
295017
51851
779924
811312
306352
252559
837571
972490
752019
188879
527965
267192
907622
489301
106409
482100
852482
556648
634587
678949
586798
742619
759656
798274
934274
628486
641844
763692
291253
714346
453876
212092
421942
28387
312636
285552
424129
613961
925683
753332
217898
914904
506515
208343
723538
617402
866039
496875
49356
241121
431244
862413
440649
416321
253246
542749
598884
781132
297644
674675
186457
600413
14220
842534
398872
294350
886029
439446
781080
274384
479298
694530
742838
830855
175218
149763
691658
158759
106110
825281
500569
290944
65859
753692
528648
709978
975124
795853
639321
965691
481905
395727
862890
855573
146201
469028
965687
984920
531484
544910
404663
268481
177946
727516
104993
160079
16342
797500
59181
421837
486728
698197
77036
944042
172911
885623
578522
522378
130380
931780
753270
396399
479564
615934
580328
560774
853722
302746
68844
38895
424351
528957
737118
601010
109809
940676
675846
168630
915310
116283
475102
541928
350990
810769
288166
772108
564744
709656
346403
545865
450572
998585
581458
304648
950747
900110
596876
761032
825146
672108
355242
782011
654429
382935
157231
537131
445594
109799
724533
201102
228728
386255
200713
222369
814841
849180
594382
177137
241601
492372
279482
754517
794646
795463
628166
97787
573457
288354
261783
598732
175444
502345
248627
473312
681937
800245
62996
284798
299964
921360
962890
6611
178248
562787
557655
430566
659847
720586
933485
186460
374209
488223
891323
514931
561627
586508
141170
697800
125484
838598
834012
480405
483366
737895
73401
770005
299342
349955
912749
535245
334201
698130
943405
846699
709718
356461
136826
174187
974731
760210
34058
494286
689157
212448
139444
251899
42426
241982
812298
191704
94485
724951
629736
832031
729381
938702
77767
226640
923390
574781
839873
516298
905109
185729
137732
429220
939805
835087
229106
230372
362188
318681
766066
835443
475692
184323
567448
500863
193807
363265
622052
93033
88593
248101
712735
181438
539745
470965
926294
257655
412752
996590
17955
436065
349101
569559
894932
88823
545621
924840
345289
537639
338967
942215
230218
157186
883765
370130
351613
763717
995804
557170
574222
351503
525077
47846
726920
638468
311497
559389
23521
746461
417752
466061
602940
289838
191736
580013
914086
223957
786672
360966
818045
375092
345788
30563
67557
945890
591697
99593
128165
698387
423736
639449
742612
799380
26306
294001
193576
548211
801576
244488
42669
810267
643482
24989
917189
623702
294976
745375
544171
286144
933407
617326
225986
310408
350603
681545
286781
526297
788178
253735
197067
953957
912999
947155
120295
868444
512803
854684
188645
469327
450425
427456
289688
157247
900587
861126
595089
727034
710731
467482
954057
219516
515854
653091
118700
213487
57178
380151
514547
38237
102615
218610
505753
707720
927853
132580
763774
723324
716959
148270
362132
750110
166773
729603
735006
602445
893041
124010
273889
70422
800394
147548
926706
80286
678021
721368
575683
385044
397095
578170
223997
580134
533399
12502
899292
569989
795578
677744
459168
275124
159729
831561
73426
37452
79672
590889
249309
776378
619022
306451
64956
202102
954332
805268
656832
89283
223437
89138
392057
115439
498430
423599
404222
362461
934338
651118
891238
900102
63968
467810
399872
121499
958318
692491
207986
951023
464466
150410
98543
125052
143819
318304
963396
585825
981260
749379
531997
370599
976199
688798
179475
885245
453098
639762
188493
815982
889995
603575
578456
108853
674162
391020
487485
238874
238747
257973
73283
217278
154638
819354
856421
773467
392951
912277
71031
675274
774124
967108
16118
417877
789422
640446
975714
567858
471692
157737
666705
999539
125884
140133
352135
564162
310167
999693
613660
971326
280152
577114
230466
847832
120728
898843
930495
111529
887733
382559
613251
265493
591681
507922
151745
662886
330005
915593
671070
960454
490752
85032
14753
852949
399066
422338
211010
140380
22711
486457
886704
112099
720533
882112
366644
853224
945765
89141
231855
29236
685907
256812
416102
178404
137210
492742
964290
421561
133177
640416
20114
677855
161397
392843
258000
676292
580050
984781
749392
162229
810259
823059
589580
480753
384855
486893
612021
67094
55070
584695
12011
938638
115637
228047
700221
724272
66855
67629
569071
379629
415530
454656
601980
36183
937065
271266
706646
953414
301008
722396
823513
757321
45245
528637
402715
232517
751289
608158
997372
1636
996869
549125
941538
410731
822308
809208
101798
577985
598409
611649
528632
802574
566160
426049
476085
731158
810925
639674
823498
385489
807617
488015
60470
166946
384217
615629
274416
271370
758963
525776
523962
968772
973382
263219
481580
918959
15813
136029
648753
257023
43399
143629
296943
823971
723925
869935
18476
570019
384581
205164
852773
190204
347904
470423
613432
475788
222789
84279
835047
388691
667574
521186
894916
616246
534645
21790
627741
706270
608192
1479
696088
980394
602058
988409
881992
414288
292499
113601
628558
868117
212597
550522
796685
958414
409494
718174
209527
512845
959645
459963
292218
170728
803731
850312
547181
325170
711288
236768
669701
700243
740238
570499
676674
931642
122950
798807
486429
72738
879227
232025
129433
731306
411641
993769
60716
491159
83756
663030
810635
194226
429482
298154
784421
242470
834911
376270
701954
880822
456858
655984
318199
172922
937994
516821
435112
243833
415720
115016
302837
849870
287287
89623
171366
688964
354256
156827
370915
431545
381689
602779
736321
491736
409466
494801
162682
940876
874763
358233
177773
695064
704387
236113
954346
144656
432504
829197
261491
495559
414732
766668
172560
834432
217650
42172
89139
908173
631333
434602
163089
20487
950546
886828
552812
286802
326666
96689
607942
740649
459766
12344
212408
307795
22100
87431
274782
714445
53850
407486
92341
847097
866399
745331
504987
109678
652030
359299
898321
137668
514114
202259
936229
426314
658333
840196
280267
607949
66500
662922
79584
305353
606527
719616
629585
475886
838290
224907
920079
935709
732169
484882
963369
644644
784666
303456
160090
764231
995611
245583
698787
229642
898357
207392
117539
361837
4022
374732
185412
40539
837417
408432
300501
57410
727540
496517
272545
834511
457914
212487
410667
766694
335807
772340
154250
405607
348816
967741
678186
857245
434241
561957
275224
868486
866754
440073
348463
263344
286824
786324
254476
588210
509564
239592
138170
737947
242541
705125
672827
699068
270390
905944
630893
446707
829547
965294
74280
704451
308437
226083
174673
102201
817805
250815
731425
466132
436996
639653
976113
203453
960106
666873
166706
231135
862995
111959
126925
165964
80883
898721
88208
905571
91173
65482
991578
901752
522205
955525
908433
798291
82409
649202
916376
825319
149026
406744
787288
782405
102527
450903
326674
564544
258617
928470
478311
410661
435070
597338
468862
38660
318888
615979
645167
682303
804179
866305
489424
216605
771516
136277
993976
467247
570296
561567
851227
540760
186463
694901
357623
212606
679996
920856
546863
830474
477222
511402
919637
901518
751995
675019
934901
327285
235226
931360
1111
785053
447600
523789
260975
135192
882162
39956
762057
920555
852285
164295
89833
5579
490296
684591
95358
609175
433019
671251
764854
784939
934605
770584
988852
732455
875754
822858
671080
356209
362778
802801
732029
832116
139713
458036
62787
635333
459028
326858
682034
777755
885100
522950
928177
137288
303468
226416
570882
178585
17173
387888
599350
370191
856717
724318
84582
825217
382200
652094
701641
40600
919767
688494
334733
411010
579539
153640
956755
774470
973802
148172
439089
372213
155284
734704
361275
7693
139224
548964
236471
818566
864894
165881
929681
553068
834299
167102
767433
320634
267284
761927
477069
368851
305961
132910
838708
969276
312205
718110
541399
131357
367109
160680
106942
435506
95204
882391
562317
3925
557764
351460
204856
738658
177995
62971
612649
856392
224681
803182
820572
199077
108781
548296
433008
553305
541666
380103
73989
238791
834401
147402
212603
324406
515456
525634
498185
357459
486202
886734
342810
719487
451987
620849
932800
93693
875235
549028
924528
751432
283418
735073
34692
850537
926028
332647
165292
977593
146635
774621
383674
165525
413710
938391
464123
371961
91248
660238
893588
345511
145239
171691
564160
952274
946890
136808
399487
916593
809535
942548
447243
873190
865501
126310
563808
893623
298861
805859
681016
291867
471014
599840
627088
2215
648238
551188
784043
307582
451696
998405
956102
77765
795263
607884
330809
350921
921788
792508
292492
598502
585551
436177
561149
789384
421018
851176
110700
989894
128562
491219
150773
468107
614171
202808
383977
842694
176425
318653
1955
833330
309568
744964
950035
883770
570052
244601
783977
401248
105597
734202
196480
559449
890999
330191
13932
66130
107751
262745
326313
344918
561512
149208
459354
643378
305772
595207
487939
264175
507015
852182
803445
156698
47411
848281
837819
205842
625093
724902
926818
833342
137036
73873
293027
530501
439128
898413
132737
714890
268966
694921
512672
545378
626606
849010
546261
878156
612173
640911
686602
804408
325153
307854
523802
529146
833514
880536
735867
280402
480724
657521
265220
782751
5552
728254
981482
639222
787686
771581
120132
178474
774993
42681
977190
86684
76413
753911
9513
815642
548279
999317
272870
120676
838031
401817
773666
288363
814662
486974
786534
154563
530505
997548
96313
10412
403056
640198
752044
199365
167660
133387
476576
527191
923033
54326
529780
541696
48662
770031
532769
635075
432701
916558
599051
92993
676819
201015
905416
321262
250090
632437
897748
289920
161626
633295
653904
477798
928881
280039
29621
253433
903016
941739
576323
86250
714733
907626
157529
743906
515619
816329
520258
664429
794779
173966
756840
367450
375885
186259
499166
897207
162295
64152
430204
644688
23102
322114
713630
29914
239064
656850
596316
441219
94332
957344
862752
278757
387362
913182
368514
738952
341176
891740
604800
34668
247707
250548
305726
364400
241482
75015
74164
253619
304316
351941
77170
574365
341316
845097
807726
524798
123437
215616
391733
103912
544545
619759
874071
979439
352009
399761
367980
393366
977828
900980
294507
181659
956341
4965
356287
560481
469431
353752
990014
433914
536139
526172
923570
455741
418099
220838
768430
13890
626285
846877
959545
751734
390905
450984
651166
311451
670470
104469
39176
45212
692616
496626
74107
910325
69088
115495
746015
297777
498575
703050
549160
829726
691397
670373
117479
875304
56071
39745
774749
8147
260182
636997
87273
705630
836754
120501
918938
687316
124578
252480
284378
938262
265596
967885
44270
869778
178013
884798
115661
746023
587617
772738
433785
325574
114961
591796
68243
427129
684321
578289
386100
740783
596748
162137
102856
179534
198867
154967
960759
138534
395336
460873
857385
112130
787553
379531
112886
519577
847543
653197
179263
590693
354091
1617
829279
114907
547769
360560
215599
256555
839287
728549
375162
630987
892005
539652
995353
413953
396728
209817
312814
227172
789123
960593
743728
539106
952267
65027
8091
807
416190
802419
787332
514979
10756
726076
487725
393975
368021
209945
312434
288672
629616
39362
278047
701788
592271
703456
156199
388946
207293
278329
611978
285029
290482
611962
528509
799069
596148
951666
863765
269642
894245
949935
527790
295155
946388
501129
26528
425096
908260
104868
7820
66190
977596
212110
758382
577633
536957
891386
981925
568734
388049
957944
353912
762881
464765
653473
516725
85063
705783
810321
437109
334490
45508
262858
349441
874794
689821
92720
311055
406756
456059
279370
170447
852969
801744
356619
964899
183101
931504
168872
94295
586255
141235
18095
625899
635376
456862
512257
800269
154151
695172
910700
275029
345072
574005
490916
804141
117741
333747
987690
998817
717137
483239
573318
937590
605408
387287
524652
57047
398086
192463
127250
482524
214208
157147
384756
525162
563970
527936
911424
652878
52225
713837
47465
409121
785771
602754
345517
503270
308052
984414
127822
486624
150194
424312
963413
124863
442244
150485
515593
427462
299584
848976
187973
885483
738854
652857
634647
394919
345924
14974
210166
655618
927358
821283
728226
139561
22447
200386
654712
115589
656959
814129
602930
590449
962672
832291
767964
953321
33380
479245
181593
210487
218835
280114
311226
244052
573639
52530
895935
247372
405482
785596
530887
326494
120436
191994
621922
126739
897880
379946
567003
212608
119734
772380
47781
617385
720261
756340
467015
282249
432760
442769
769272
388460
568542
921940
449579
430334
889833
558084
180460
590410
55125
125609
944989
777628
994479
436566
391422
543437
299046
726166
431423
698318
152652
392769
633852
31265
859146
449671
262892
696942
519711
857491
502282
235922
809669
418363
563769
636735
107729
189268
54417
152696
304475
678267
991666
749277
89952
772802
96477
701493
3191
533203
788416
325252
487142
295051
290585
244239
918983
197867
104927
835892
359865
918950
563562
46802
725602
308203
153613
582320
425389
55835
332261
467237
174897
522484
564365
683171
831006
247243
752082
541061
99001
818694
675142
167443
583155
809449
555961
402924
896
318320
727131
700179
57345
981046
786560
369168
510303
503302
815768
602365
284943
196876
458878
647162
348575
719167
588673
201163
422253
662232
256669
791605
165
890579
871571
442579
799119
481756
905048
811380
568824
798479
46877
233407
944184
896567
131390
344304
643229
499270
898703
864573
151017
23260
27283
988336
278871
460467
330702
744520
191679
814871
761288
336501
568696
541921
632258
644594
540131
466321
731993
805733
649318
677317
69311
55412
551243
656654
309461
217620
700415
69528
566796
492075
959227
601949
96680
337712
203757
640203
800829
213092
299941
738980
144484
454966
251709
512890
811655
329663
931200
525124
895378
249240
254304
513242
861618
541106
91114
365454
507510
969119
892783
502914
669798
286788
366121
557532
606198
672974
343305
727320
298361
919699
66788
772318
849480
857971
71199
999480
800526
258601
969448
521477
194978
746307
486732
847406
213048
217864
823196
25077
27220
797853
849680
25770
725197
661900
619034
119889
989064
400725
961
289362
270342
513085
576332
953155
213890
27490
141329
27392
951183
720629
722837
99158
258974
509664
443156
570716
779290
351571
775254
772375
723543
498476
538429
979188
482524
255326
405679
904212
853905
833618
526267
125306
973279
631073
186239
235724
403442
158957
515545
371293
502647
289296
486581
959176
988220
84345
346802
955745
548050
449440
665674
67157
334922
918594
743065
817461
900614
85294
168236
310129
572949
879456
304836
330318
317515
833111
753897
43283
194139
716713
478450
717366
430062
449392
753024
950612
77023
674657
942218
861671
761259
29150
717481
275966
445613
453363
145992
887833
291925
20076
554952
60815
520610
794684
666703
310533
25071
757702
422711
954963
723230
50141
909328
38401
795088
534850
223846
394235
121213
175949
491096
365254
115028
654896
511038
868352
203616
450497
153615
577948
732668
637195
29583
468172
881289
310897
89152
886143
49997
258104
125422
261785
47035
903013
189915
665756
345020
919852
522775
317089
184761
298759
218607
965050
211776
213221
654710
374325
660676
994428
780890
661796
491526
440443
888362
37138
194005
130400
752533
228396
338466
860807
688214
914362
129757
213560
231387
489307
655860
288266
174968
154832
970687
401465
703685
621421
775560
30732
509234
886393
284752
589623
677521
110665
362272
322332
443339
445770
285155
740848
365150
885433
714809
5054
112382
66322
118608
861586
989439
597290
516649
413068
639625
421057
613809
33882
807147
884830
385721
721648
395933
245183
981419
825686
911716
350869
771034
463828
384033
554383
328633
267057
760043
86552
728218
163599
890386
254432
364335
826664
880898
103108
956498
944965
376424
629388
556494
469387
934830
345402
884069
140023
519130
699063
509806
68781
215137
336460
528532
723079
494960
944795
646813
121576
80695
907559
476320
121332
46968
834944
602561
132956
429782
136611
282976
608899
104855
101979
227927
818173
985928
627167
436096
248041
932693
710004
722156
143446
231566
199789
613357
935519
736097
740456
13694
381647
531740
501617
387160
907747
130291
637910
818593
977475
540578
995896
358717
768957
913134
80988
285429
859715
866815
350548
725810
620694
324005
537482
683042
50128
413518
864387
30963
979733
21370
311267
706999
524189
807660
888995
619064
389736
907779
23200
440134
541413
201584
263264
675028
788450
827444
961941
866199
93660
999297
56028
109344
788315
153127
55853
841763
722241
691587
502126
636600
805051
130662
426006
327580
577281
661321
918203
871168
686059
528400
639261
998369
521560
279959
517525
891000
760529
140023
23919
569307
335028
913988
661731
273616
3412
678832
784820
115086
66937
551349
802354
694265
532059
325087
934931
478894
232621
31107
22291
602856
459437
736044
504999
291630
878018
505713
250182
187026
553405
825611
886528
715607
446782
905690
823605
955091
506620
197175
990747
822205
92700
672529
801541
955299
887977
207457
168111
709702
622690
812611
771720
97586
562618
650952
517058
916552
409407
82707
720628
857064
740782
155946
963498
421565
771919
659527
823854
26914
440872
30295
278753
105150
804217
896785
167343
162779
585945
827788
53024
124847
813417
96679
621045
272779
805869
900859
715591
16049
307073
983723
775073
715047
232524
28125
610995
274348
704764
236365
613604
170867
618630
760750
388546
552763
730911
907230
200070
168279
590219
411089
531679
921019
629494
706928
844706
165229
555589
540228
48077
507172
741276
575569
383719
966964
133582
154959
774713
816039
101499
83427
249967
237224
34011
249252
377806
297640
79450
86813
2950
549085
729986
569217
710077
353455
790887
454519
967814
752063
900735
536709
540979
299825
759922
432711
718915
768278
842797
949311
97485
238159
902677
495392
3578
573678
635832
894594
114777
452098
132095
722613
115971
133755
649429
699782
604149
64339
108216
97093
490243
701142
708478
250201
830575
449556
443084
725834
648577
443128
667371
512234
876382
24545
347448
126787
211569
189608
726040
696680
150291
918901
311689
437246
106199
119881
78090
608379
574746
167064
94402
578876
16382
225467
528625
478136
367214
150478
638552
944487
625282
167455
98937
93253
968023
950760
373776
188232
671531
102670
523535
239416
266154
645846
877715
722128
576776
939665
753505
420920
243659
71644
945055
450708
264974
538826
816200
968055
529518
658364
430882
436913
290372
336772
993790
977018
266704
471631
635228
368247
65878
476677
789681
893152
787674
484934
322291
934806
934082
539873
269256
805473
109192
570171
348520
474626
302560
232555
821818
671803
945635
265463
286986
960533
416379
36198
209434
183693
343726
71248
479807
731582
520193
162981
903137
739307
9178
375165
222436
931693
514537
287694
22539
622317
86632
234822
485795
6819
608268
17803
616327
794416
577527
496967
407579
573592
955174
821829
612523
200347
281562
123827
302258
720381
798385
494553
389008
313614
986338
740257
597737
789971
704762
292085
81539
183534
857683
223151
784885
751591
294635
748381
563045
756404
60318
769302
940008
542396
989822
632173
35825
465621
428607
378904
450668
914705
954343
713002
580235
594844
115260
233758
679654
804736
415328
465288
745022
426446
654946
573340
603298
784580
542822
895371
869644
528925
132794
80129
769558
288394
19578
79405
914742
259341
749589
655794
643653
353628
11865
116314
872748
591808
881832
48931
919977
511405
58277
617982
789385
787693
95979
419696
951492
289049
234819
784221
55367
634626
800135
148103
10018
818791
661922
805699
337276
193947
439009
257755
248470
208662
540907
231420
535081
699709
186557
469883
372067
766840
782425
457955
236202
929061
592299
98520
596387
275406
505843
873198
363825
6599
814055
971767
342455
957517
925097
833286
302974
831718
530811
292648
539580
537864
19399
750465
726023
167179
682723
511445
907198
925266
604726
977030
302841
121623
421712
157110
165197
425889
839869
725130
288749
767178
877251
12645
763377
928047
506242
704770
418577
923685
163115
989883
810059
263818
109001
702393
505932
530203
281464
72557
423436
501270
351340
899862
443098
890904
549093
399698
121664
301716
869023
6227
868329
960251
738858
988614
737409
800901
527108
535304
430759
816272
388860
841286
114413
15747
939117
716456
337797
551140
720641
931899
43917
72391
650061
407526
2249
833003
38431
940464
308359
93820
566740
139447
525609
442285
38210
634794
224251
432871
226854
285861
398664
603186
146989
247469
39893
874451
594760
208238
985627
315052
784916
232370
280396
430502
133622
297472
244149
754123
813842
305804
396716
188717
336348
840319
60813
837652
241751
45326
530186
917379
144449
195307
317060
239356
408134
110871
828947
733145
190805
468334
510947
85490
50446
72790
833637
43594
960423
912476
142577
346209
65390
412895
876180
934332
978465
241042
96873
202824
452637
275995
221723
437917
175792
443049
462257
469746
679219
727641
513923
369484
722162
780085
527317
280692
526091
710792
866602
517830
194884
624133
730516
638053
559887
668266
609285
238990
194378
4816
303943
85023
985874
275663
392914
68520
859399
98067
918950
729985
88402
580786
224415
265164
207489
379885
670984
427080
118507
178312
923908
781246
168845
883321
364136
201259
139780
747109
137123
296836
149856
714632
896322
387784
277718
763112
239856
923180
478808
930747
374440
187032
979911
889570
4587
948830
640545
862545
348215
451533
438550
768966
191857
548695
789361
592589
247691
396633
697708
169935
620589
640716
48167
681430
738870
393255
954359
285804
547466
856713
992087
486158
21059
996666
850020
654110
547326
758615
851777
625188
482063
185506
315557
