lang fastest slowest entries

case 1
Java 0.06  5.95  749
PHP 0.01  9.55  933
Ruby 0.02  9.47  708
Python 0.08  9.61  687
Perl 0.01  8.56  450
C 0.01  2.69  719
C++ 0.01  2.43  1260
C# 0.03  3.40  631 

case 2
Java 0.07  5.94  749
PHP 0.04  9.05  933
Ruby 0.03  8.14  708
Python 0.09  8.53  687
Perl 0.01  7.98  450
C 0.01  2.81  719
C++ 0.01  2.94  1260
C# 0.03  5.91  631

case 3
Java 0.09  5.94  749
PHP 0.56  9.51  933
Ruby 0.32  9.48  708
Python 0.36  8.55  687
Perl 0.18  9.95  450
C 0.01  2.96  719
C++ 0.01  2.96  1260
C# 0.11  5.26  631
